4
16
0.522752   0.842844   0.044965   0.864393
0.184456   0.847960   0.378596   0.505146
0.063000   0.593978   0.956638   0.330771
0.799153   0.895828   0.917417   0.339914
0.038490   0.115982   0.146403   0.875149
0.764867   0.324329   0.279479   0.795524
0.061733   0.626856   0.571879   0.609363
0.975006   0.171098   0.359717   0.913680
0.484260   0.802141   0.252238   0.155487
0.328234   0.465044   0.510232   0.555486
0.576153   0.227835   0.289736   0.016065
0.388147   0.233858   0.560018   0.973241
0.366040   0.983005   0.540953   0.446103
0.260032   0.088494   0.447303   0.987527
0.567331   0.059138   0.176046   0.846378
0.735521   0.716639   0.327769   0.414103
