16
8
0.630159   0.080328   0.050601   0.031911   0.601584   0.787190   0.946316   0.435762   0.484930   0.665868   0.377631   0.884470   0.096734   0.446830   0.148393   0.188827
0.447147   0.318031   0.098520   0.862133   0.407109   0.632742   0.655864   0.516196   0.238227   0.719194   0.725642   0.884433   0.341583   0.149489   0.528065   0.790946
0.035818   0.005898   0.464519   0.205746   0.910156   0.394570   0.343620   0.378822   0.314678   0.699851   0.330713   0.929562   0.847964   0.846824   0.797830   0.683049
0.281356   0.145335   0.845880   0.991070   0.219428   0.125699   0.646802   0.253176   0.937850   0.144433   0.910639   0.361981   0.262703   0.437782   0.720980   0.836850
0.059378   0.731469   0.701925   0.481485   0.884568   0.477009   0.980726   0.503425   0.621438   0.278089   0.692463   0.167243   0.465938   0.094955   0.836607   0.218324
0.461300   0.370362   0.140035   0.510332   0.888128   0.307612   0.207053   0.497046   0.209088   0.149328   0.644193   0.508046   0.940045   0.455050   0.036040   0.017727
0.773618   0.056389   0.618067   0.438453   0.516453   0.580395   0.243437   0.321172   0.918131   0.174961   0.772933   0.230618   0.267471   0.344496   0.330705   0.977253
0.711094   0.609768   0.963190   0.334405   0.609464   0.042714   0.114577   0.846582   0.887219   0.595218   0.989410   0.843749   0.257473   0.540223   0.311382   0.316367
